# Group halo MW analogue, N mergers, id sub1, id sub2, idsub3, snap sub1, snap sub2, snap sub3, id fp1 max, id fp2 max, id fp3 max, merger rat 1, merger rat2, merger rat3, subfindID, SnapNum0
14428 3 12453 11970 13465 85 66 74 12452 11969 13464 85 66 74 0.682 0.235 0.191 14428 135
14476 3 14039 15923 24002 126 123 72 14037 15925 24001 126 123 72 0.640 1.312 0.359 14476 135
14552 3 13842 17622 16803 98 78 75 13840 17621 16802 98 78 75 0.244 0.171 0.633 14552 135
14873 3 12659 28471 10277 80 77 65 12657 13333 10276 80 77 65 0.117 0.168 0.173 14873 135
14941 3 52241 11384 11099 80 97 93 13889 11383 11098 80 97 93 0.127 0.260 0.617 14941 135
15117 3 39487 10472 9186 57 60 58 9326 10469 9185 57 60 58 0.319 0.759 0.441 15117 135
15132 3 14316 9330 9331 102 71 71 14315 9329 9329 102 71 71 0.155 0.416 0.161 15132 135
15789 3 12143 11664 14003 91 85 76 12141 11665 14001 91 85 76 0.104 1.756 0.263 15789 135
15877 3 14807 50624 55414 122 66 58 14806 9223 15294 122 66 58 0.180 0.146 0.165 15877 135
15939 3 14188 14743 14983 94 82 75 14187 14741 14981 94 82 75 0.175 0.384 0.594 15939 135
16040 3 14567 14245 8407 110 106 65 14566 14247 8405 110 106 65 0.679 2.570 0.315 16040 135
16074 3 14298 11106 42250 115 77 53 14297 11105 9048 115 77 53 0.302 0.200 0.631 16074 135
16084 3 15773 15441 25006 91 92 81 15772 15440 25005 91 92 81 0.776 1.054 0.139 16084 135
16172 3 15340 16988 16969 102 74 72 15339 16986 16968 102 74 72 0.447 0.124 1.447 16172 135
16220 3 13431 13577 14700 97 93 60 13429 13575 14699 97 93 60 0.254 0.109 1.205 16220 135
16223 3 15910 12856 11068 127 83 68 15909 12855 11067 127 83 68 0.154 0.412 0.108 16223 135
16240 3 14324 7696 7566 114 61 47 14323 7695 7726 114 61 47 0.422 0.214 1.129 16240 135
16279 3 14321 14320 2663 113 113 47 14319 14319 2662 113 113 47 0.252 0.193 0.148 16279 135
16374 3 17834 18344 18538 114 78 76 17833 18343 18539 114 78 76 0.210 0.822 3.760 16374 135
16452 3 15315 11708 3901 126 77 54 15316 11707 3902 126 77 54 1.589 0.181 1.709 16452 135
16580 3 12287 12852 8881 86 72 59 12286 12449 8880 86 72 59 0.389 0.144 0.168 16580 135
16636 3 16703 50363 14853 98 84 71 16702 15484 14852 98 84 71 0.193 0.138 0.627 16636 135
16662 3 11653 13164 45141 92 81 58 11654 13163 19364 92 81 58 0.997 0.742 1.150 16662 135
16702 3 14745 14561 17975 117 114 69 14744 14558 17974 117 114 69 0.640 0.360 1.174 16702 135
16760 3 15520 15966 26089 103 72 52 15521 15965 22680 103 72 52 1.716 0.237 0.804 16760 135
16860 3 11450 11451 91787 83 83 58 11449 11449 15819 83 83 58 0.736 0.683 0.132 16860 135
16883 3 16383 18148 18149 126 70 70 16382 18147 18147 126 70 70 0.619 0.325 0.230 16883 135
16982 3 16021 12082 11403 122 73 72 16020 12081 11401 122 73 72 0.198 0.295 0.471 16982 135
17027 3 16615 13062 12585 121 71 66 16614 13061 12584 121 71 66 0.413 0.569 0.239 17027 135
17057 3 26173 38790 13589 102 67 59 20617 22838 13590 102 67 59 0.298 0.495 0.262 17057 135
17113 3 8115 14860 7450 65 56 53 8114 8879 7449 65 56 53 0.213 0.428 0.453 17113 135
17185 3 13915 13669 16656 99 95 82 13913 13667 16654 99 95 82 0.488 0.554 0.151 17185 135
17226 3 7166 6457 11690 66 64 47 7165 6456 5409 66 64 47 0.351 0.669 0.345 17226 135
17227 3 16683 8907 27573 67 67 57 8906 8906 27952 67 67 57 0.111 0.110 1.040 17227 135
17262 3 17167 16431 16360 94 92 78 17166 16430 16362 94 92 78 0.147 0.189 0.678 17262 135
17349 3 13761 13417 27260 94 72 54 13760 13416 8014 94 72 54 0.767 0.111 0.769 17349 135
17358 3 15371 15498 14642 85 65 64 15370 15497 14641 85 65 64 1.167 0.162 0.161 17358 135
17363 3 15599 16006 17962 109 95 64 15597 16004 17961 109 95 64 0.266 0.344 1.434 17363 135
17459 3 10240 5240 8096 73 58 56 10239 5239 8095 73 58 56 0.107 1.296 0.299 17459 135
17602 3 16041 18135 18651 90 82 70 16039 18133 18652 90 82 70 0.224 0.116 0.727 17602 135
17797 3 12623 12095 9773 72 71 65 12622 12093 9770 72 71 65 0.148 0.184 0.346 17797 135
17846 3 16218 15345 13154 115 106 71 16217 15344 13153 115 106 71 0.189 0.827 0.462 17846 135
17861 3 16387 17027 16949 119 93 85 16386 17026 16947 119 93 85 0.106 0.547 0.160 17861 135
17880 3 12237 7538 6373 81 65 62 12236 7537 6370 81 65 62 0.243 0.182 0.293 17880 135
17907 3 56552 12133 56975 62 70 65 19868 12130 13005 62 70 65 0.295 0.150 0.151 17907 135
17957 3 15787 14704 15771 108 97 90 15786 14703 15769 108 97 90 0.113 0.370 0.588 17957 135
18089 3 14630 14677 53464 95 94 68 14628 14674 18410 95 94 68 0.193 0.131 0.165 18089 135
18107 3 15213 16830 17115 104 87 86 15212 16829 17113 104 87 86 0.406 0.469 0.597 18107 135
18109 3 15151 15120 16290 79 81 87 15152 15118 16289 79 81 87 0.982 0.558 0.718 18109 135
18150 3 13434 13553 55462 90 88 63 13433 13551 29684 90 88 63 0.684 0.286 0.149 18150 135
18198 3 15859 16212 14949 107 74 64 15858 16211 14948 107 74 64 0.296 0.310 0.366 18198 135
18208 3 7100 8873 44225 63 66 56 7098 8872 8379 63 66 56 0.295 0.197 0.232 18208 135
18349 3 14848 14846 19507 91 74 69 14847 14847 19506 91 74 69 0.408 1.533 0.368 18349 135
18362 3 12069 12126 11264 77 67 66 12068 12125 11262 77 67 66 0.531 0.165 0.205 18362 135
18421 3 16706 17071 29241 107 92 53 16705 17070 11174 107 92 53 0.222 0.379 0.739 18421 135
18549 3 34088 15671 39647 73 76 53 18697 15669 17899 73 76 53 0.524 0.138 0.880 18549 135
18586 3 12752 11076 11075 96 65 65 12750 11074 11074 96 65 65 0.222 0.514 1.518 18586 135
18645 3 16749 16750 58981 121 116 68 16748 16748 23863 121 116 68 0.936 0.360 0.918 18645 135
18648 3 16224 15964 16919 85 84 82 16220 15962 16918 85 84 82 0.195 0.347 0.389 18648 135
18662 3 14565 15095 21733 77 68 64 14564 15094 21732 77 68 64 0.380 4.706 0.806 18662 135
18668 3 17516 19381 21194 118 87 72 17515 19380 21193 118 87 72 0.539 0.182 0.213 18668 135
18684 3 13423 13267 7215 83 82 57 13422 13266 7214 83 82 57 0.702 0.794 0.733 18684 135
18687 3 18427 19958 18928 117 104 88 18426 19957 18925 117 104 88 0.228 0.155 0.204 18687 135
18691 3 15727 15443 13208 103 99 60 15728 15441 13207 103 99 60 1.506 0.925 0.771 18691 135
18738 3 16870 47021 13073 110 60 66 16869 9054 13074 110 60 66 0.292 0.140 2.099 18738 135
18739 3 13859 15278 15482 77 66 65 13860 15277 15481 77 66 65 1.044 0.116 0.138 18739 135
18752 3 16120 14584 41469 79 68 61 16119 14582 18571 79 68 61 0.116 0.181 0.491 18752 135
18777 3 18543 18790 24233 132 77 65 18542 18789 24232 132 77 65 0.292 1.194 1.256 18777 135
18797 3 10362 11905 9313 71 62 54 10361 11904 9312 71 62 54 0.971 0.178 0.645 18797 135
18799 3 15707 36978 32099 94 53 59 15706 30873 19582 94 53 59 0.400 0.839 0.827 18799 135
18816 3 17859 17771 17666 123 122 114 17858 17772 17663 123 122 114 0.406 2.849 0.197 18816 135
18829 3 18252 65701 18398 126 65 83 18251 16060 18397 126 65 83 0.312 0.280 0.330 18829 135
18831 3 18155 17122 19767 72 98 77 18153 17121 19765 72 98 77 0.245 0.524 0.147 18831 135
18974 3 17016 17127 18262 112 114 99 17015 17128 18264 112 114 99 0.594 1.394 1.074 18974 135
18997 3 16184 15000 11709 103 93 57 16183 14999 11708 103 93 57 0.216 0.418 0.210 18997 135
19038 3 17115 18572 18905 113 95 99 17114 18571 18903 113 95 99 0.526 0.805 0.355 19038 135
19062 3 62044 15651 59698 75 92 61 20143 15652 17900 75 92 61 0.116 1.792 0.188 19062 135
19064 3 11339 11769 6879 69 65 52 11338 11768 6878 69 65 52 0.159 0.652 0.999 19064 135
19115 3 14751 41197 30235 73 68 59 14750 14588 13431 73 68 59 0.144 0.148 0.375 19115 135
19184 3 10693 9065 8124 63 61 59 10692 9064 8123 63 61 59 0.190 0.215 0.288 19184 135
19198 3 14804 15355 14598 72 73 68 14801 15354 14593 72 73 68 0.114 0.191 0.313 19198 135
19279 3 15094 15396 24732 89 71 51 15093 15394 10312 89 71 51 0.962 0.292 0.383 19279 135
19307 3 14066 13848 13668 71 70 66 14065 13846 13667 71 70 66 0.207 0.160 0.314 19307 135
19419 3 14152 11857 9186 67 65 59 14151 11856 9185 67 65 59 0.179 0.411 1.347 19419 135
19566 3 17786 21164 22674 105 87 72 17785 21163 22673 105 87 72 1.085 0.566 0.617 19566 135
19587 3 15251 15270 19786 90 92 84 15252 15271 19785 90 92 84 0.235 0.143 0.225 19587 135
19606 3 17867 17684 20372 120 118 93 17866 17683 20371 120 118 93 0.523 0.732 0.631 19606 135
19713 3 16295 16294 17646 89 89 81 16296 16296 17645 89 89 81 0.320 1.342 0.415 19713 135
19764 3 93630 15852 19951 66 72 70 17536 15851 19950 66 72 70 0.277 0.514 0.622 19764 135
19796 3 15678 14684 27976 81 77 54 15677 14683 15443 81 77 54 0.253 0.351 0.287 19796 135
19820 3 19069 11786 10419 73 66 64 16236 11785 10420 73 66 64 0.174 0.615 0.697 19820 135
19918 3 17050 16880 21042 87 71 62 17049 16879 22953 87 71 62 0.327 0.385 1.100 19918 135
20042 3 16759 16391 16916 100 93 84 16758 16393 16914 100 93 84 0.407 1.093 0.934 20042 135
20043 3 19695 18408 17466 110 72 69 19694 18407 17464 110 72 69 0.258 0.386 0.180 20043 135
20065 3 14096 63666 6473 76 57 54 14095 8373 6474 76 57 54 0.405 0.203 1.195 20065 135
20070 3 16338 15377 21357 95 87 83 16337 15378 21356 95 87 83 0.129 0.500 0.248 20070 135
20136 3 19377 25473 23884 94 71 67 19376 25472 23883 94 71 67 0.525 0.826 1.459 20136 135
20152 3 19070 16693 58424 114 69 62 19069 16692 44602 114 69 62 0.344 0.280 0.742 20152 135
20490 3 18105 17852 17176 98 90 82 18104 17850 17173 98 90 82 0.135 0.179 0.194 20490 135
20509 3 19979 21075 26384 122 107 67 19978 21073 26383 122 107 67 0.243 0.262 1.779 20509 135
20590 3 17418 12596 10897 91 62 57 17417 12595 10896 91 62 57 0.417 0.376 0.790 20590 135
20742 3 16889 16999 22108 89 73 61 16888 16997 22107 89 73 61 0.553 0.172 1.964 20742 135
20743 3 19253 18193 18610 89 78 84 19252 18192 18611 89 78 84 0.146 0.576 2.374 20743 135
20771 3 18867 14061 11755 98 60 54 18866 14060 11754 98 60 54 0.250 2.715 1.477 20771 135
20898 3 19760 20548 24629 113 88 77 19759 20547 24628 113 88 77 0.153 0.235 3.910 20898 135
20922 3 47061 21578 21692 104 97 89 21830 21576 21691 104 97 89 0.112 0.466 1.107 20922 135
20976 3 18496 18316 19225 105 103 63 18497 18315 19224 105 103 63 0.342 0.257 1.586 20976 135
20995 3 15513 26899 14102 66 55 56 15512 13213 14101 66 55 56 0.112 3.636 1.687 20995 135
20997 3 17222 63322 54435 92 60 59 17221 15496 16301 92 60 59 0.149 0.693 0.675 20997 135
21048 3 18299 18044 18604 95 92 63 18298 18043 18603 95 92 63 0.129 0.223 0.413 21048 135
21172 3 17075 18819 42950 83 68 65 17074 18818 21269 83 68 65 0.167 0.145 0.152 21172 135
21177 3 19741 19436 29638 117 112 84 19739 19435 29637 117 112 84 0.466 1.284 0.105 21177 135
21303 3 16007 11076 11133 79 60 58 16006 11075 11134 79 60 58 0.344 1.008 1.695 21303 135
21310 3 17852 17837 11522 98 96 61 17851 17838 11521 98 96 61 0.170 0.860 0.464 21310 135
21370 3 19682 20769 18643 71 68 69 19681 20771 18640 71 68 69 0.139 2.460 0.314 21370 135
21593 3 19609 19676 21824 99 95 77 19608 19675 21825 99 95 77 0.199 0.198 0.410 21593 135
21656 3 15028 31667 27224 69 61 51 15027 12087 12294 69 61 51 0.236 0.373 0.274 21656 135
21840 3 20106 21112 18526 95 74 80 20105 21111 18524 95 74 80 0.143 0.279 0.145 21840 135
22163 3 20404 28268 35366 106 53 52 20403 31801 30967 106 53 52 0.197 0.400 1.908 22163 135
22198 3 18772 17888 20383 86 78 58 18771 17887 24524 86 78 58 0.605 0.454 0.789 22198 135
