# ID host halo, mass ratio sat1, mass ratio sat 2, mass ratio sat 3, looback t sat1, lookback t sat 2, lookback sat 3
15877 0.1800 0.1800 0.1800 2.0960 10.7050 11.7620
16702 0.6400 0.6400 0.6400 2.8750 3.3400 10.2300
16982 0.1980 0.1980 0.1980 2.0960 9.6310 9.7690
17027 0.4130 0.4130 0.4130 2.2180 9.9280 10.7050
17861 0.1060 0.1060 0.1060 2.5790 6.6560 7.7750
18645 0.9360 0.9360 0.9360 2.2180 3.0510 10.3960
18668 0.5390 0.5390 0.5390 2.6980 7.5790 9.7690
18687 0.2280 0.2280 0.2280 2.8750 4.9250 7.4590
18816 0.4060 0.4060 0.4060 1.9120 2.0960 3.3400
19606 0.5230 0.5230 0.5230 2.3990 2.6980 6.6560
20509 0.2430 0.2430 0.2430 2.0960 4.4510 10.5540
21177 0.4660 0.4660 0.4660 2.8750 3.6810 7.9280
