# ID host halo, mass ratio sat1, mass ratio sat 2, mass ratio sat 3, looback t sat1, lookback t sat 2, lookback sat 3
14941 0.1270 0.1270 0.1270 8.5420 6.0150 6.6560
15789 0.1040 0.1040 0.1040 6.9600 7.7750 9.1610
16084 0.7760 0.7760 0.7760 6.9600 6.8310 8.3670
16220 0.2540 0.2540 0.2540 6.0150 6.6560 11.5560
16636 0.1930 0.1930 0.1930 5.8720 7.9280 9.9280
17185 0.4880 0.4880 0.4880 5.7270 6.3400 8.2240
17262 0.1470 0.1470 0.1470 6.5220 6.8310 8.8440
17363 0.2660 0.2660 0.2660 4.1250 6.3400 11.0060
17861 0.1060 0.1060 0.1060 2.5790 6.6560 7.7750
17957 0.1130 0.1130 0.1130 4.2890 6.0150 7.1300
18089 0.1930 0.1930 0.1930 6.3400 6.5220 10.3960
18107 0.4060 0.4060 0.4060 4.9250 7.5790 7.7360
18150 0.6840 0.6840 0.6840 7.1300 7.4590 11.1550
18421 0.2220 0.2220 0.2220 4.4510 6.8310 12.2510
18648 0.1950 0.1950 0.1950 7.7750 7.9280 8.2240
18668 0.5390 0.5390 0.5390 2.6980 7.5790 9.7690
18997 0.2160 0.2160 0.2160 5.0790 6.6560 11.8970
19038 0.5260 0.5260 0.5260 3.5110 6.3400 5.7270
19062 0.1160 0.1160 0.1160 9.3130 6.8310 11.4620
19566 1.0850 1.0850 1.0850 4.7690 7.5790 9.7690
19587 0.2350 0.2350 0.2350 7.1300 6.8310 7.9280
19713 0.3200 0.3200 0.3200 7.2960 7.2960 8.3670
20042 0.4070 0.4070 0.4070 5.5810 6.6560 7.9280
20070 0.1290 0.1290 0.1290 6.3400 7.5790 8.0780
20490 0.1350 0.1350 0.1350 5.8720 7.1300 8.2240
20898 0.1530 0.1530 0.1530 3.5110 7.4590 9.0050
20922 0.1120 0.1120 0.1120 4.9250 6.0150 7.2960
21048 0.1290 0.1290 0.1290 6.3400 6.8310 11.1550
21310 0.1700 0.1700 0.1700 5.8720 6.2020 11.4620
21593 0.1990 0.1990 0.1990 5.7270 6.3400 9.0050
